num crossings	time (s)	maj axis (mm)	min axis (mm)	theta (rad )	slope (V/s)
287	313.265019	99.140099	-21.354381	4.657736	16.238116
289	315.330446	99.540030	-21.280677	4.659612	15.877938
291	317.397527	98.831947	-21.017266	4.655053	16.160344
293	319.467252	98.641563	-20.993813	4.641549	15.636947
295	321.534745	98.770396	-20.959512	4.640934	16.341660
297	323.600040	98.757444	-20.857442	4.633488	17.083763
299	325.665486	98.356823	-20.795630	4.632336	16.687235
301	327.731747	98.183999	-20.808936	4.629049	16.508884
303	329.798875	98.287704	-20.636542	4.628574	15.900540
305	331.865767	97.939274	-20.543057	4.619095	16.130393
307	333.933417	97.750589	-20.499417	4.615564	16.173545
309	336.000882	97.817779	-20.493082	4.615322	15.493879
311	338.067622	97.695870	-20.289713	4.608588	16.399899
313	340.134437	97.188788	-20.141588	4.604872	15.813269
315	342.200730	96.942783	-20.338236	4.597344	15.660937
317	344.267356	97.221899	-20.127598	4.597537	16.451501
319	346.333787	97.328574	-20.077746	4.590090	15.865764
321	348.400530	96.938381	-19.889878	4.584252	17.186211
323	350.467703	96.839251	-19.827310	4.580873	17.099910
325	352.536041	96.687670	-19.841102	4.579609	16.779648
327	354.603612	96.683311	-19.769155	4.580407	16.481988
329	356.670678	96.572449	-19.815154	4.572239	15.896658
331	358.735975	96.740009	-19.711097	4.566515	16.750944
333	360.801470	96.134340	-19.512312	4.558526	16.134602
335	362.867732	96.232758	-19.495088	4.559001	16.196170
337	364.935345	95.797759	-19.278008	4.553113	16.649617
339	367.003063	95.782515	-19.419098	4.551542	17.111541
341	369.070884	95.468832	-19.248515	4.547327	16.310987
343	371.137812	95.651411	-19.187411	4.543212	16.599247
345	373.204850	95.468524	-19.116640	4.540883	16.350231
347	375.271149	95.771281	-19.108562	4.535400	15.696993
349	377.337920	95.335580	-18.860232	4.530048	16.457195
351	379.404664	94.889246	-18.840174	4.524883	16.250797
353	381.471399	94.873097	-18.811884	4.525114	17.093142
355	383.538646	94.924104	-18.634300	4.520272	16.184468
357	385.605281	94.578048	-18.621717	4.515544	16.519469
359	387.671242	94.584341	-18.672964	4.512933	16.576039
361	389.737374	94.486141	-18.542417	4.510776	16.757427
363	391.802741	94.313472	-18.435586	4.509359	16.300578
365	393.868529	94.055183	-18.333692	4.504444	16.470982
367	395.935363	94.299076	-18.192796	4.502269	16.120513
369	398.002948	93.742101	-18.211418	4.501575	15.578664
371	400.071617	93.228065	-18.109953	4.491287	16.031345
373	402.138808	93.642942	-18.025592	4.487990	16.306393
375	404.205117	93.489804	-18.090513	4.485878	16.606221
377	406.271013	93.393372	-17.893682	4.482127	16.969226
379	408.336962	93.054730	-17.823855	4.478176	16.536893
381	410.403177	93.033678	-17.815460	4.477766	16.865234
383	412.469505	93.278662	-17.765238	4.474994	16.221828
385	414.535927	93.014331	-17.762164	4.470693	16.500547
387	416.602418	92.843103	-17.679480	4.466669	16.946153
389	418.669053	92.710389	-17.510791	4.463285	16.461464
391	420.736241	92.665851	-17.404356	4.456194	17.584417
393	422.802887	91.784958	-17.521140	4.452620	16.402575
395	424.869950	92.271969	-17.405262	4.453161	16.232015
397	426.937208	92.466558	-17.273176	4.447458	16.654232
399	429.004802	91.768342	-17.136427	4.447308	16.515576
401	431.071767	91.685608	-17.135421	4.444784	16.770802
403	433.138711	91.739896	-17.219045	4.441112	16.199000
405	435.204970	91.978061	-17.085884	4.436202	15.679580
407	437.270351	91.502490	-16.953498	4.428643	15.765918
411	441.401914	91.155476	-16.947395	4.425517	16.242098
413	443.469004	91.761579	-16.806325	4.421049	15.867743
415	445.536273	90.866308	-16.752520	4.416557	16.910326
417	447.603564	90.533764	-16.768114	4.419598	16.803627
419	449.670780	90.561519	-16.596348	4.413910	16.798982
421	451.737188	90.362991	-16.672202	4.411568	15.930896
423	453.804203	90.215393	-16.732238	4.409354	16.956334
425	455.871321	90.267596	-16.510837	4.402242	16.376938
427	457.937744	90.117320	-16.539328	4.405004	16.401219
429	460.004541	90.322627	-16.465293	4.399613	16.525810
431	462.070715	89.661797	-16.386280	4.394840	16.059498
433	464.136618	89.841129	-16.401567	4.393800	16.630407
435	466.202538	89.713908	-16.339359	4.390893	15.992813
437	468.268651	89.357416	-16.155821	4.386169	16.743976
439	470.334555	89.305940	-16.078352	4.381525	16.434784
441	472.400709	89.330721	-16.045086	4.383139	16.400481
443	474.468079	89.042626	-16.013418	4.380272	16.252610
445	476.535430	88.810860	-16.069478	4.376527	16.443414
447	478.602991	88.986036	-15.976001	4.371111	15.853678
449	480.670502	88.294549	-15.845654	4.366434	16.014494
451	482.737536	88.425919	-15.889268	4.364850	15.729376
453	484.803758	89.130987	-15.738355	4.362310	15.888378
455	486.869766	88.554418	-15.771011	4.359980	16.619214
459	491.001725	87.939529	-15.585234	4.357445	16.422157
461	493.067921	88.394330	-15.529787	4.353178	15.630328
463	495.134161	87.721199	-15.584956	4.350813	16.032702
465	497.200634	88.026740	-15.495589	4.350235	16.513974
467	499.267502	87.627581	-15.416429	4.346331	16.812147
469	501.334104	87.133238	-15.366522	4.341802	16.274864
471	503.400873	87.478817	-15.274615	4.339352	16.208198
473	505.467953	87.270173	-15.347347	4.341447	15.878859
475	507.535393	87.297619	-15.215434	4.337387	16.097312
477	509.602251	86.932440	-15.275461	4.333094	16.172632
479	511.668468	87.009128	-15.136702	4.328202	15.402777
481	513.734273	86.872163	-15.030452	4.326564	15.942620
483	515.799888	86.617820	-15.068027	4.324308	15.812025
485	517.865551	85.734748	-14.937742	4.321310	15.066852
487	519.931043	86.020477	-14.858469	4.316061	15.832577
489	521.997816	85.683325	-14.868271	4.313728	15.337615
491	524.063738	85.987060	-14.811466	4.312040	15.201132
493	526.130804	85.704869	-14.794177	4.306831	15.588700
495	528.198035	85.941976	-14.903802	4.308842	16.166176
497	530.264765	85.609898	-14.696337	4.305603	16.399497
499	532.331332	86.179123	-14.856866	4.300088	15.722251
501	534.397856	85.589905	-14.605275	4.299242	15.963498
503	536.464070	85.674483	-14.725304	4.298863	15.721997
505	538.530755	86.040371	-14.548285	4.297297	15.269335
507	540.597005	85.265750	-14.520644	4.290453	16.044442
509	542.663160	85.235243	-14.494681	4.289756	16.033407
513	546.795320	84.746480	-14.316452	4.284470	15.563732
515	548.861966	84.837204	-14.332239	4.285151	15.316689
517	550.928137	84.233398	-14.274628	4.282472	15.327591
519	552.994684	84.384836	-14.277196	4.282502	14.686294
521	555.062077	84.071752	-14.207101	4.278372	14.769659
523	557.129490	84.308523	-14.194824	4.272743	14.970241
525	559.196905	83.641713	-14.180509	4.270622	14.922963
527	561.263920	84.057832	-14.122918	4.268375	14.270409
529	563.330592	84.304366	-14.031587	4.266295	15.910428
531	565.396861	83.657246	-13.966126	4.263609	15.517354
533	567.462969	83.149013	-14.007268	4.263116	15.022505
535	569.528990	83.525172	-13.933983	4.259087	15.126276
537	571.594558	83.296470	-13.910481	4.258341	15.436854
539	573.660896	83.454425	-13.884302	4.257361	15.013143
541	575.727395	83.333842	-13.859140	4.256040	14.799489
543	577.793418	82.879962	-13.808742	4.253979	14.626560
545	579.860433	82.686443	-13.825326	4.249742	15.031308
547	581.927111	82.541837	-13.848220	4.250476	14.797907
549	583.994222	82.359034	-13.784242	4.247205	14.891894
551	586.060974	82.788520	-13.684734	4.245361	14.764117
553	588.127525	82.785022	-13.660382	4.243361	14.978785
555	590.193948	82.046554	-13.637684	4.240874	14.594156
557	592.260108	81.903400	-13.631280	4.234326	14.677251
559	594.326135	81.624959	-13.604112	4.235767	14.745875
561	596.391448	82.388679	-13.531311	4.230561	14.581666
563	598.457179	82.233065	-13.502481	4.228482	14.817195
567	602.589079	81.502736	-13.475570	4.226566	14.444897
569	604.654938	81.511050	-13.420924	4.224111	14.302713
571	606.721405	81.513843	-13.427993	4.219111	14.997296
573	608.787903	81.782617	-13.361631	4.217176	14.883388
577	612.920502	81.066618	-13.374032	4.214495	14.672992
579	614.986892	80.305585	-13.293265	4.211387	14.896987
581	617.053596	80.997299	-13.411161	4.212007	14.308309
583	619.119654	80.915061	-13.234158	4.210308	14.326739
585	621.186511	80.822010	-13.233902	4.207824	14.293462
587	623.252620	80.381716	-13.145596	4.204158	14.578438
