crossing time (s)	slope (V/s)	crossing number
281474976710655.000000	-29.837730	1419	0.000000
281474976710655.000000	-30.683315	1420	0.000000
281474976710655.000000	-30.072372	1421	0.000000
281474976710655.000000	-33.454391	1422	0.000000
281474976710655.000000	-29.763897	1423	0.000000
281474976710655.000000	-25.600368	1424	0.000000
281474976710655.000000	-31.008177	1425	0.000000
281474976710655.000000	-37.679665	1426	0.000000
281474976710655.000000	-30.926310	1427	0.000000
281474976710655.000000	-26.180944	1428	0.000000
281474976710655.000000	-29.704897	1429	0.000000
281474976710655.000000	-31.131039	1430	0.000000
281474976710655.000000	-34.037193	1431	0.000000
281474976710655.000000	-33.266048	1432	0.000000
281474976710655.000000	-31.782682	1433	0.000000
281474976710655.000000	-34.878807	1434	0.000000
281474976710655.000000	-29.830971	1435	0.000000
281474976710655.000000	-32.816032	1436	0.000000
281474976710655.000000	-28.355228	1437	0.000000
281474976710655.000000	-30.514238	1438	0.000000
281474976710655.000000	-28.652243	1439	0.000000
281474976710655.000000	-37.672272	1440	0.000000
281474976710655.000000	-28.746077	1441	0.000000
281474976710655.000000	-34.518932	1442	0.000000
281474976710655.000000	-32.728848	1443	0.000000
281474976710655.000000	-28.343849	1444	0.000000
281474976710655.000000	-30.277281	1445	0.000000
281474976710655.000000	-27.832388	1446	0.000000
281474976710655.000000	-30.463102	1447	0.000000
281474976710655.000000	-26.251122	1448	0.000000
281474976710655.000000	-29.843891	1449	0.000000
281474976710655.000000	-29.323139	1450	0.000000
281474976710655.000000	-29.351460	1451	0.000000
281474976710655.000000	-30.502798	1452	0.000000
281474976710655.000000	-28.194054	1453	0.000000
281474976710655.000000	-30.125109	1454	0.000000
281474976710655.000000	-31.325283	1455	0.000000
281474976710655.000000	-31.188494	1456	0.000000
281474976710655.000000	-31.258623	1457	0.000000
281474976710655.000000	-32.372375	1458	0.000000
281474976710655.000000	-27.881424	1459	0.000000
281474976710655.000000	-30.515373	1460	0.000000
281474976710655.000000	-26.481373	1461	0.000000
281474976710655.000000	-31.507904	1462	0.000000
281474976710655.000000	-27.071693	1463	0.000000
281474976710655.000000	-28.473499	1464	0.000000
281474976710655.000000	-27.676094	1465	0.000000
281474976710655.000000	-30.757305	1466	0.000000
281474976710655.000000	-27.293255	1467	0.000000
281474976710655.000000	-29.742104	1468	0.000000
281474976710655.000000	-27.700928	1469	0.000000
281474976710655.000000	-29.998213	1470	0.000000
281474976710655.000000	-27.172672	1471	0.000000
281474976710655.000000	-28.707523	1472	0.000000
281474976710655.000000	-26.854580	1473	0.000000
281474976710655.000000	-30.134760	1474	0.000000
281474976710655.000000	-30.993038	1475	0.000000
281474976710655.000000	-29.951431	1476	0.000000
281474976710655.000000	-29.966181	1477	0.000000
281474976710655.000000	-28.570366	1478	0.000000
281474976710655.000000	-26.534538	1479	0.000000
281474976710655.000000	-28.748457	1480	0.000000
281474976710655.000000	-28.311024	1481	0.000000
281474976710655.000000	-29.186802	1482	0.000000
281474976710655.000000	-26.184511	1483	0.000000
281474976710655.000000	-29.334171	1484	0.000000
281474976710655.000000	-26.584942	1485	0.000000
281474976710655.000000	-29.269676	1486	0.000000
281474976710655.000000	-27.797466	1487	0.000000
281474976710655.000000	-32.412727	1488	0.000000
281474976710655.000000	-29.331703	1489	0.000000
281474976710655.000000	-31.781130	1490	0.000000
281474976710655.000000	-27.833990	1491	0.000000
281474976710655.000000	-27.061272	1492	0.000000
281474976710655.000000	-28.758278	1493	0.000000
281474976710655.000000	-30.635914	1494	0.000000
281474976710655.000000	-26.761854	1495	0.000000
281474976710655.000000	-27.811678	1496	0.000000
281474976710655.000000	-26.247772	1497	0.000000
281474976710655.000000	-25.907667	1498	0.000000
281474976710655.000000	-23.899137	1499	0.000000
281474976710655.000000	-27.425356	1500	0.000000
281474976710655.000000	-30.305264	1501	0.000000
281474976710655.000000	-26.011757	1502	0.000000
281474976710655.000000	-25.375475	1503	0.000000
281474976710655.000000	-27.169903	1504	0.000000
281474976710655.000000	-26.032448	1505	0.000000
281474976710655.000000	-25.311487	1506	0.000000
281474976710655.000000	-25.336565	1507	0.000000
281474976710655.000000	-27.515759	1508	0.000000
281474976710655.000000	-30.671991	1509	0.000000
281474976710655.000000	-28.323456	1510	0.000000
281474976710655.000000	-27.592478	1511	0.000000
281474976710655.000000	-27.783360	1512	0.000000
281474976710655.000000	-26.960644	1513	0.000000
281474976710655.000000	-28.822193	1514	0.000000
281474976710655.000000	-26.284500	1515	0.000000
281474976710655.000000	-27.127100	1516	0.000000
281474976710655.000000	-26.402853	1517	0.000000
281474976710655.000000	-27.938148	1518	0.000000
281474976710655.000000	-24.814762	1519	0.000000
281474976710655.000000	-29.145512	1520	0.000000
281474976710655.000000	-25.213875	1521	0.000000
281474976710655.000000	-28.964670	1522	0.000000
281474976710655.000000	-25.672409	1523	0.000000
281474976710655.000000	-27.617723	1524	0.000000
281474976710655.000000	-26.149618	1525	0.000000
281474976710655.000000	-26.583115	1526	0.000000
281474976710655.000000	-26.414572	1527	0.000000
281474976710655.000000	-27.131945	1528	0.000000
281474976710655.000000	-27.319468	1529	0.000000
281474976710655.000000	-30.257313	1530	0.000000
281474976710655.000000	-26.234459	1531	0.000000
281474976710655.000000	-28.411392	1532	0.000000
281474976710655.000000	-28.218224	1533	0.000000
281474976710655.000000	-26.770802	1534	0.000000
281474976710655.000000	-26.559290	1535	0.000000
281474976710655.000000	-27.916725	1536	0.000000
281474976710655.000000	-27.851557	1537	0.000000
281474976710655.000000	-25.499142	1538	0.000000
281474976710655.000000	-24.836798	1539	0.000000
281474976710655.000000	-27.149685	1540	0.000000
281474976710655.000000	-25.143312	1541	0.000000
281474976710655.000000	-26.529070	1542	0.000000
281474976710655.000000	-27.443830	1543	0.000000
281474976710655.000000	-25.997309	1544	0.000000
281474976710655.000000	-27.880098	1545	0.000000
281474976710655.000000	-23.194086	1546	0.000000
281474976710655.000000	-25.195858	1547	0.000000
281474976710655.000000	-25.927277	1548	0.000000
281474976710655.000000	-25.712637	1549	0.000000
281474976710655.000000	-25.383503	1550	0.000000
281474976710655.000000	-25.820431	1551	0.000000
281474976710655.000000	-25.150852	1552	0.000000
281474976710655.000000	-27.154146	1553	0.000000
281474976710655.000000	-27.681049	1554	0.000000
281474976710655.000000	-23.843870	1555	0.000000
281474976710655.000000	-28.601509	1556	0.000000
281474976710655.000000	-26.349155	1557	0.000000
281474976710655.000000	-28.255978	1558	0.000000
281474976710655.000000	-25.398123	1559	0.000000
281474976710655.000000	-28.816347	1560	0.000000
281474976710655.000000	-24.605164	1561	0.000000
281474976710655.000000	-26.681664	1562	0.000000
281474976710655.000000	-23.653358	1563	0.000000
281474976710655.000000	-24.886419	1564	0.000000
281474976710655.000000	-26.473064	1565	0.000000
281474976710655.000000	-25.778437	1566	0.000000
281474976710655.000000	-24.259556	1567	0.000000
281474976710655.000000	-26.669144	1568	0.000000
281474976710655.000000	-24.126270	1569	0.000000
281474976710655.000000	-25.777155	1570	0.000000
281474976710655.000000	-23.683693	1571	0.000000
281474976710655.000000	-25.184095	1572	0.000000
281474976710655.000000	-23.517702	1573	0.000000
281474976710655.000000	-26.946959	1574	0.000000
281474976710655.000000	-24.276554	1575	0.000000
281474976710655.000000	-27.004618	1576	0.000000
281474976710655.000000	-24.337410	1577	0.000000
281474976710655.000000	-26.609583	1578	0.000000
281474976710655.000000	-25.420599	1579	0.000000
281474976710655.000000	-26.015480	1580	0.000000
281474976710655.000000	-23.315079	1581	0.000000
281474976710655.000000	-27.002069	1582	0.000000
281474976710655.000000	-23.797380	1583	0.000000
281474976710655.000000	-26.229969	1584	0.000000
281474976710655.000000	-24.117617	1585	0.000000
281474976710655.000000	-26.003096	1586	0.000000
281474976710655.000000	-23.589983	1587	0.000000
281474976710655.000000	-27.325785	1588	0.000000
281474976710655.000000	-25.278721	1589	0.000000
281474976710655.000000	-25.040075	1590	0.000000
281474976710655.000000	-22.497387	1591	0.000000
281474976710655.000000	-25.519770	1592	0.000000
281474976710655.000000	-24.079268	1593	0.000000
281474976710655.000000	-25.348335	1594	0.000000
281474976710655.000000	-27.680424	1595	0.000000
281474976710655.000000	-24.428350	1596	0.000000
281474976710655.000000	-23.128155	1597	0.000000
281474976710655.000000	-26.025724	1598	0.000000
281474976710655.000000	-24.883980	1599	0.000000
281474976710655.000000	-23.941195	1600	0.000000
281474976710655.000000	-25.069132	1601	0.000000
281474976710655.000000	-25.286310	1602	0.000000
281474976710655.000000	-23.753344	1603	0.000000
281474976710655.000000	-25.837254	1604	0.000000
281474976710655.000000	-23.465334	1605	0.000000
281474976710655.000000	-24.986055	1606	0.000000
281474976710655.000000	-24.795462	1607	0.000000
281474976710655.000000	-23.169714	1608	0.000000
281474976710655.000000	-23.288401	1609	0.000000
281474976710655.000000	-24.729650	1610	0.000000
281474976710655.000000	-25.669350	1611	0.000000
281474976710655.000000	-24.851690	1612	0.000000
281474976710655.000000	-23.896162	1613	0.000000
281474976710655.000000	-25.851156	1614	0.000000
281474976710655.000000	-23.844101	1615	0.000000
281474976710655.000000	-23.421616	1616	0.000000
281474976710655.000000	-23.718754	1617	0.000000
281474976710655.000000	-22.972940	1618	0.000000
281474976710655.000000	-24.305391	1619	0.000000
281474976710655.000000	-24.973402	1620	0.000000
281474976710655.000000	-23.618832	1621	0.000000
281474976710655.000000	-24.574558	1622	0.000000
281474976710655.000000	-25.162878	1623	0.000000
281474976710655.000000	-25.733290	1624	0.000000
281474976710655.000000	-23.803846	1625	0.000000
281474976710655.000000	-23.482002	1626	0.000000
281474976710655.000000	-24.746494	1627	0.000000
281474976710655.000000	-23.220135	1628	0.000000
281474976710655.000000	-22.454386	1629	0.000000
281474976710655.000000	-23.484083	1630	0.000000
281474976710655.000000	-21.859739	1631	0.000000
281474976710655.000000	-23.595268	1632	0.000000
281474976710655.000000	-22.259466	1633	0.000000
281474976710655.000000	-23.716349	1634	0.000000
281474976710655.000000	-22.688751	1635	0.000000
281474976710655.000000	-23.694841	1636	0.000000
281474976710655.000000	-24.658016	1637	0.000000
281474976710655.000000	-23.665020	1638	0.000000
281474976710655.000000	-24.294804	1639	0.000000
281474976710655.000000	-24.013891	1640	0.000000
281474976710655.000000	-23.118525	1641	0.000000
281474976710655.000000	-22.053469	1642	0.000000
281474976710655.000000	-22.270519	1643	0.000000
281474976710655.000000	-25.477692	1644	0.000000
281474976710655.000000	-21.799330	1645	0.000000
281474976710655.000000	-22.297098	1646	0.000000
281474976710655.000000	-22.602854	1647	0.000000
281474976710655.000000	-23.659151	1648	0.000000
281474976710655.000000	-21.336348	1649	0.000000
281474976710655.000000	-22.354439	1650	0.000000
281474976710655.000000	-21.581493	1651	0.000000
281474976710655.000000	-23.601446	1652	0.000000
281474976710655.000000	-22.843172	1653	0.000000
281474976710655.000000	-22.717886	1654	0.000000
281474976710655.000000	-21.205935	1655	0.000000
281474976710655.000000	-22.783634	1656	0.000000
281474976710655.000000	-21.159008	1657	0.000000
281474976710655.000000	-25.189077	1658	0.000000
281474976710655.000000	-22.262978	1659	0.000000
281474976710655.000000	-24.839899	1660	0.000000
281474976710655.000000	-22.628128	1661	0.000000
281474976710655.000000	-24.927164	1662	0.000000
281474976710655.000000	-22.108879	1663	0.000000
281474976710655.000000	-22.648491	1664	0.000000
281474976710655.000000	-22.819412	1665	0.000000
281474976710655.000000	-23.807371	1666	0.000000
281474976710655.000000	-21.494720	1667	0.000000
281474976710655.000000	-23.220890	1668	0.000000
281474976710655.000000	-22.633158	1669	0.000000
281474976710655.000000	-23.930437	1670	0.000000
281474976710655.000000	-22.881525	1671	0.000000
281474976710655.000000	-22.103434	1672	0.000000
281474976710655.000000	-21.689558	1673	0.000000
281474976710655.000000	-22.505732	1674	0.000000
281474976710655.000000	-23.296663	1675	0.000000
281474976710655.000000	-21.665373	1676	0.000000
281474976710655.000000	-22.582840	1677	0.000000
281474976710655.000000	-23.798910	1678	0.000000
281474976710655.000000	-22.200109	1679	0.000000
281474976710655.000000	-22.714096	1680	0.000000
281474976710655.000000	-20.927927	1681	0.000000
281474976710655.000000	-23.620350	1682	0.000000
281474976710655.000000	-22.334616	1683	0.000000
281474976710655.000000	-21.418619	1684	0.000000
281474976710655.000000	-22.908871	1685	0.000000
281474976710655.000000	-23.027960	1686	0.000000
281474976710655.000000	-21.820827	1687	0.000000
281474976710655.000000	-22.029116	1688	0.000000
281474976710655.000000	-23.574860	1689	0.000000
281474976710655.000000	-22.572464	1690	0.000000
281474976710655.000000	-20.526602	1691	0.000000
281474976710655.000000	-22.469133	1692	0.000000
281474976710655.000000	-20.609867	1693	0.000000
281474976710655.000000	-22.076982	1694	0.000000
281474976710655.000000	-22.480066	1695	0.000000
281474976710655.000000	-23.294558	1696	0.000000
281474976710655.000000	-20.993679	1697	0.000000
281474976710655.000000	-22.367992	1698	0.000000
281474976710655.000000	-21.068178	1699	0.000000
281474976710655.000000	-22.262852	1700	0.000000
281474976710655.000000	-21.362120	1701	0.000000
281474976710655.000000	-22.674959	1702	0.000000
281474976710655.000000	-20.347601	1703	0.000000
281474976710655.000000	-23.353764	1704	0.000000
281474976710655.000000	-21.595875	1705	0.000000
281474976710655.000000	-22.437067	1706	0.000000
281474976710655.000000	-20.945166	1707	0.000000
281474976710655.000000	-22.143766	1708	0.000000
281474976710655.000000	-21.496330	1709	0.000000
281474976710655.000000	-21.151434	1710	0.000000
281474976710655.000000	-19.923044	1711	0.000000
281474976710655.000000	-21.558214	1712	0.000000
281474976710655.000000	-20.811354	1713	0.000000
281474976710655.000000	-21.848242	1714	0.000000
281474976710655.000000	-20.698841	1715	0.000000
281474976710655.000000	-23.343525	1716	0.000000
281474976710655.000000	-21.252609	1717	0.000000
281474976710655.000000	-20.168758	1718	0.000000
281474976710655.000000	-20.973354	1719	0.000000
281474976710655.000000	-21.630764	1720	0.000000
281474976710655.000000	-22.036251	1721	0.000000
281474976710655.000000	-21.753618	1722	0.000000
281474976710655.000000	-21.409548	1723	0.000000
281474976710655.000000	-20.714552	1724	0.000000
281474976710655.000000	-21.698038	1725	0.000000
281474976710655.000000	-20.510534	1726	0.000000
281474976710655.000000	-21.136440	1727	0.000000
281474976710655.000000	-21.076336	1728	0.000000
281474976710655.000000	-20.367897	1729	0.000000
281474976710655.000000	-22.859907	1730	0.000000
281474976710655.000000	-21.698977	1731	0.000000
281474976710655.000000	-20.622450	1732	0.000000
281474976710655.000000	-22.622292	1733	0.000000
281474976710655.000000	-21.180025	1734	0.000000
281474976710655.000000	-20.540903	1735	0.000000
281474976710655.000000	-22.397022	1736	0.000000
281474976710655.000000	-20.779991	1737	0.000000
281474976710655.000000	-19.858112	1738	0.000000
281474976710655.000000	-20.854065	1739	0.000000
281474976710655.000000	-21.441368	1740	0.000000
281474976710655.000000	-18.780048	1741	0.000000
281474976710655.000000	-21.384665	1742	0.000000
281474976710655.000000	-20.130264	1743	0.000000
281474976710655.000000	-20.162788	1744	0.000000
281474976710655.000000	-20.953579	1745	0.000000
281474976710655.000000	-21.440626	1746	0.000000
281474976710655.000000	-19.136700	1747	0.000000
281474976710655.000000	-20.392483	1748	0.000000
281474976710655.000000	-19.474737	1749	0.000000
281474976710655.000000	-19.686918	1750	0.000000
281474976710655.000000	-20.213470	1751	0.000000
281474976710655.000000	-21.155443	1752	0.000000
281474976710655.000000	-19.194599	1753	0.000000
281474976710655.000000	-20.382101	1754	0.000000
281474976710655.000000	-19.429281	1755	0.000000
281474976710655.000000	-22.207800	1756	0.000000
281474976710655.000000	-19.616423	1757	0.000000
281474976710655.000000	-20.048264	1758	0.000000
281474976710655.000000	-19.259514	1759	0.000000
281474976710655.000000	-20.447077	1760	0.000000
281474976710655.000000	-18.879377	1761	0.000000
281474976710655.000000	-20.681013	1762	0.000000
281474976710655.000000	-20.326797	1763	0.000000
281474976710655.000000	-19.953255	1764	0.000000
281474976710655.000000	-19.656736	1765	0.000000
281474976710655.000000	-19.278170	1766	0.000000
281474976710655.000000	-20.549095	1767	0.000000
281474976710655.000000	-20.028355	1768	0.000000
281474976710655.000000	-19.292027	1769	0.000000
281474976710655.000000	-19.617630	1770	0.000000
281474976710655.000000	-18.875109	1771	0.000000
281474976710655.000000	-19.409472	1772	0.000000
281474976710655.000000	-19.244267	1773	0.000000
281474976710655.000000	-20.303747	1774	0.000000
281474976710655.000000	-21.124989	1775	0.000000
281474976710655.000000	-19.167088	1776	0.000000
281474976710655.000000	-20.010136	1777	0.000000
281474976710655.000000	-20.305035	1778	0.000000
281474976710655.000000	-19.359503	1779	0.000000
281474976710655.000000	-19.518593	1780	0.000000
281474976710655.000000	-18.410776	1781	0.000000
281474976710655.000000	-19.783350	1782	0.000000
281474976710655.000000	-18.721613	1783	0.000000
281474976710655.000000	-19.840450	1784	0.000000
281474976710655.000000	-19.788588	1785	0.000000
281474976710655.000000	-20.977352	1786	0.000000
281474976710655.000000	-18.759457	1787	0.000000
281474976710655.000000	-20.135447	1788	0.000000
281474976710655.000000	-19.356388	1789	0.000000
281474976710655.000000	-19.261644	1790	0.000000
281474976710655.000000	-20.080368	1791	0.000000
281474976710655.000000	-20.496712	1792	0.000000
281474976710655.000000	-19.101738	1793	0.000000
281474976710655.000000	-20.281572	1794	0.000000
281474976710655.000000	-18.504137	1795	0.000000
281474976710655.000000	-19.303011	1796	0.000000
281474976710655.000000	-18.457411	1797	0.000000
281474976710655.000000	-19.066076	1798	0.000000
281474976710655.000000	-20.055990	1799	0.000000
281474976710655.000000	-19.891563	1800	0.000000
281474976710655.000000	-18.497353	1801	0.000000
281474976710655.000000	-19.149687	1802	0.000000
281474976710655.000000	-18.466215	1803	0.000000
281474976710655.000000	-19.206581	1804	0.000000
281474976710655.000000	-20.101604	1805	0.000000
281474976710655.000000	-19.295885	1806	0.000000
281474976710655.000000	-18.405336	1807	0.000000
281474976710655.000000	-18.799044	1808	0.000000
281474976710655.000000	-18.897120	1809	0.000000
281474976710655.000000	-20.040575	1810	0.000000
281474976710655.000000	-18.475754	1811	0.000000
281474976710655.000000	-18.697453	1812	0.000000
281474976710655.000000	-17.832390	1813	0.000000
281474976710655.000000	-20.062521	1814	0.000000
281474976710655.000000	-18.213379	1815	0.000000
281474976710655.000000	-17.856182	1816	0.000000
281474976710655.000000	-18.755198	1817	0.000000
281474976710655.000000	-18.516756	1818	0.000000
281474976710655.000000	-17.763401	1819	0.000000
281474976710655.000000	-18.126575	1820	0.000000
281474976710655.000000	-18.362272	1821	0.000000
281474976710655.000000	-18.470119	1822	0.000000
281474976710655.000000	-18.479330	1823	0.000000
281474976710655.000000	-19.004253	1824	0.000000
281474976710655.000000	-18.708818	1825	0.000000
281474976710655.000000	-18.772451	1826	0.000000
281474976710655.000000	-18.681578	1827	0.000000
281474976710655.000000	-18.205725	1828	0.000000
281474976710655.000000	-17.887054	1829	0.000000
281474976710655.000000	-19.221712	1830	0.000000
281474976710655.000000	-17.572433	1831	0.000000
281474976710655.000000	-18.218174	1832	0.000000
281474976710655.000000	-18.071751	1833	0.000000
281474976710655.000000	-18.748550	1834	0.000000
281474976710655.000000	-18.002283	1835	0.000000
281474976710655.000000	-18.556807	1836	0.000000
281474976710655.000000	-19.283592	1837	0.000000
281474976710655.000000	-19.143568	1838	0.000000
281474976710655.000000	-18.029675	1839	0.000000
281474976710655.000000	-18.136671	1840	0.000000
281474976710655.000000	-18.393991	1841	0.000000
281474976710655.000000	-19.552868	1842	0.000000
281474976710655.000000	-18.364521	1843	0.000000
281474976710655.000000	-19.573454	1844	0.000000
281474976710655.000000	-18.013687	1845	0.000000
281474976710655.000000	-17.798384	1846	0.000000
281474976710655.000000	-18.123718	1847	0.000000
281474976710655.000000	-18.225500	1848	0.000000
281474976710655.000000	-17.500490	1849	0.000000
281474976710655.000000	-17.409740	1850	0.000000
281474976710655.000000	-18.440096	1851	0.000000
281474976710655.000000	-18.993214	1852	0.000000
281474976710655.000000	-17.404638	1853	0.000000
281474976710655.000000	-18.910572	1854	0.000000
281474976710655.000000	-17.364117	1855	0.000000
281474976710655.000000	-18.141798	1856	0.000000
281474976710655.000000	-18.298553	1857	0.000000
281474976710655.000000	-19.194511	1858	0.000000
281474976710655.000000	-18.045341	1859	0.000000
281474976710655.000000	-18.908371	1860	0.000000
281474976710655.000000	-17.485094	1861	0.000000
281474976710655.000000	-17.657772	1862	0.000000
281474976710655.000000	-16.980881	1863	0.000000
281474976710655.000000	-17.994255	1864	0.000000
281474976710655.000000	-17.462868	1865	0.000000
281474976710655.000000	-18.278679	1866	0.000000
281474976710655.000000	-17.613186	1867	0.000000
281474976710655.000000	-16.908466	1868	0.000000
281474976710655.000000	-17.550087	1869	0.000000
281474976710655.000000	-18.199408	1870	0.000000
281474976710655.000000	-18.350500	1871	0.000000
281474976710655.000000	-18.413202	1872	0.000000
281474976710655.000000	-17.230831	1873	0.000000
281474976710655.000000	-18.176525	1874	0.000000
281474976710655.000000	-17.621098	1875	0.000000
281474976710655.000000	-17.775879	1876	0.000000
281474976710655.000000	-16.731766	1877	0.000000
281474976710655.000000	-17.296841	1878	0.000000
281474976710655.000000	-15.997673	1879	0.000000
281474976710655.000000	-17.799450	1880	0.000000
281474976710655.000000	-17.011608	1881	0.000000
281474976710655.000000	-17.921497	1882	0.000000
281474976710655.000000	-17.186571	1883	0.000000
281474976710655.000000	-16.836933	1884	0.000000
281474976710655.000000	-16.618683	1885	0.000000
281474976710655.000000	-18.251724	1886	0.000000
281474976710655.000000	-16.564436	1887	0.000000
281474976710655.000000	-18.335752	1888	0.000000
281474976710655.000000	-17.279005	1889	0.000000
281474976710655.000000	-17.897738	1890	0.000000
281474976710655.000000	-16.220060	1891	0.000000
281474976710655.000000	-17.110695	1892	0.000000
281474976710655.000000	-17.172785	1893	0.000000
281474976710655.000000	-16.536798	1894	0.000000
281474976710655.000000	-16.681244	1895	0.000000
281474976710655.000000	-17.485100	1896	0.000000
281474976710655.000000	-16.979443	1897	0.000000
281474976710655.000000	-16.494329	1898	0.000000
281474976710655.000000	-16.948975	1899	0.000000
281474976710655.000000	-16.917503	1900	0.000000
281474976710655.000000	-17.253269	1901	0.000000
281474976710655.000000	-16.834600	1902	0.000000
281474976710655.000000	-16.298193	1903	0.000000
281474976710655.000000	-16.265770	1904	0.000000
281474976710655.000000	-17.251070	1905	0.000000
281474976710655.000000	-16.854275	1906	0.000000
281474976710655.000000	-16.716217	1907	0.000000
281474976710655.000000	-17.174643	1908	0.000000
281474976710655.000000	-16.616800	1909	0.000000
281474976710655.000000	-16.725836	1910	0.000000
281474976710655.000000	-17.154402	1911	0.000000
281474976710655.000000	-16.757597	1912	0.000000
281474976710655.000000	-15.812998	1913	0.000000
281474976710655.000000	-16.878517	1914	0.000000
281474976710655.000000	-16.306595	1915	0.000000
281474976710655.000000	-17.070024	1916	0.000000
281474976710655.000000	-16.318739	1917	0.000000
281474976710655.000000	-17.146254	1918	0.000000
281474976710655.000000	-16.012499	1919	0.000000
281474976710655.000000	-16.775803	1920	0.000000
