num crossings	time (s)	maj axis (mm)	min axis (mm)	theta (rad )	slope (V/s)
3491	3729.235524	85.291529	-19.837922	-0.627525	48.842759
3493	3731.299147	85.481251	-19.665135	-0.630104	46.466453
3495	3733.366472	85.268495	-19.580453	-0.632761	46.664877
3499	3737.499580	85.157760	-19.313278	-0.640352	51.721561
3501	3739.565360	85.176141	-19.235506	-0.645687	51.674112
3503	3741.633298	84.714872	-19.037680	-0.653101	50.406982
3507	3745.769013	84.421542	-18.757484	-0.657336	50.543250
3509	3747.837889	84.772354	-18.607973	-0.658887	50.349689
3511	3749.907453	84.715700	-18.544988	-0.662682	50.079090
3513	3751.972748	84.487590	-18.423975	-0.671134	49.851735
3517	3756.103747	84.205123	-18.209522	-0.683001	48.796728
3519	3758.173650	84.157052	-17.969383	-0.679395	49.198912
3521	3760.242569	84.425934	-17.894926	-0.681004	49.404111
3525	3764.371373	84.263780	-17.764913	-0.698167	53.163057
3527	3766.439062	83.909127	-17.604548	-0.702051	53.168996
3529	3768.507796	83.777591	-17.409101	-0.698785	53.392185
3531	3770.576811	83.674787	-17.391664	-0.706052	51.351646
3535	3774.711474	83.823458	-17.179400	-0.710767	49.543771
3537	3776.776474	83.732994	-17.120926	-0.715314	51.457064
3541	3780.909835	83.417712	-16.856139	-0.723499	49.862464
3543	3782.976675	83.765848	-16.823994	-0.726007	49.618591
3547	3787.113218	83.005898	-16.569987	-0.736430	49.730018
3549	3789.179852	83.226981	-16.481261	-0.739931	52.642128
3553	3793.310958	82.814986	-16.321215	-0.744106	54.428992
3555	3795.375391	83.188962	-16.175272	-0.742860	52.076092
3559	3799.512236	82.501738	-16.089227	-0.755131	50.518732
3561	3801.581694	82.320727	-15.912704	-0.760433	51.092887
3565	3805.712189	82.728413	-15.705893	-0.758222	53.962601
3567	3807.777088	82.285757	-15.664456	-0.764018	53.853178
3571	3811.912871	82.102369	-15.408488	-0.769051	52.443822
3573	3813.981585	81.727840	-15.374949	-0.776731	50.416401
3577	3818.116435	82.374833	-15.181798	-0.778905	52.866224
3579	3820.183847	81.876122	-15.023050	-0.782185	50.035851
3583	3824.317325	81.601937	-14.897465	-0.788838	54.414878
3585	3826.383617	81.822185	-14.837252	-0.789902	51.890012
3589	3830.514189	81.715955	-14.658325	-0.797556	50.507629
3591	3832.579517	80.738300	-14.586455	-0.806419	53.200538
3595	3836.714127	80.867287	-14.355231	-0.808637	53.547079
3597	3838.782925	80.803748	-14.282330	-0.807691	54.109935
3601	3842.917878	81.140491	-14.323891	-0.818058	52.841460
3603	3844.982316	81.254003	-14.095600	-0.818174	49.968584
3607	3849.113215	80.803327	-13.922712	-0.826408	53.480579
3609	3851.180648	80.668511	-13.814278	-0.826968	53.302207
3613	3855.315574	79.984021	-13.587509	-0.832283	53.614692
3617	3859.450523	80.400120	-13.553258	-0.837451	52.695407
3619	3861.517433	80.174196	-13.434560	-0.841404	52.711672
3623	3865.649747	80.168317	-13.345647	-0.845823	52.738281
3625	3867.716473	79.642276	-13.202503	-0.847333	53.454516
3629	3871.847110	79.848210	-13.149119	-0.853315	53.840814
3631	3873.913702	79.146011	-12.964350	-0.859403	53.269009
3635	3878.049308	79.061164	-12.890528	-0.859575	50.022035
3637	3880.118633	77.888553	-12.736479	-0.872259	50.787580
3641	3884.251547	79.367982	-12.618147	-0.869053	52.177049
3643	3886.316216	79.118679	-12.494221	-0.870336	52.529951
3647	3890.447060	79.043834	-12.392066	-0.873089	51.366356
3651	3894.580486	78.023240	-12.251840	-0.880412	53.337880
3653	3896.647966	77.661269	-12.188365	-0.888083	51.172077
3657	3900.781972	78.704733	-12.107388	-0.886895	52.983647
3661	3904.914933	78.808996	-11.953545	-0.890400	53.130261
3663	3906.981133	78.844151	-11.833069	-0.892965	51.823853
3667	3911.113453	78.058653	-11.720285	-0.901894	51.564095
3669	3913.180568	77.702032	-11.617678	-0.904968	52.153001
3673	3917.316158	77.464398	-11.505258	-0.906686	54.256712
3675	3919.384381	77.570724	-11.400840	-0.906438	51.202598
3679	3923.518538	77.313044	-11.264400	-0.911394	51.424376
3681	3925.583592	77.309897	-11.291775	-0.916794	52.065312
3685	3929.713907	77.065652	-11.094249	-0.924745	51.235460
3687	3931.780094	77.457543	-11.022643	-0.924642	50.605372
3691	3935.912947	76.952086	-10.957665	-0.929309	52.758337
3693	3937.979640	77.172787	-10.849428	-0.929717	51.425307
3697	3942.112464	76.765552	-10.777539	-0.935179	53.410701
3699	3944.179708	76.324963	-10.699598	-0.936312	50.149215
3703	3948.312153	75.067803	-10.442738	-0.942663	49.530054
3705	3950.378929	76.335688	-10.454525	-0.941408	50.124064
3709	3954.514442	76.189573	-10.347796	-0.945164	51.065688
3711	3956.582713	76.410072	-10.323092	-0.948780	51.835633
3713	3958.650055	76.178528	-10.272558	-0.949566	52.465375
3715	3960.717160	75.534901	-10.187975	-0.955680	50.043029
3719	3964.848134	76.477262	-10.078179	-0.953700	54.002249
3721	3966.912893	75.975513	-9.955822	-0.956481	51.899455
3725	3971.044248	74.827844	-9.883497	-0.961945	50.719465
3727	3973.110348	75.544574	-9.835687	-0.961916	51.267084
3731	3977.243373	75.477069	-9.642392	-0.966088	51.100653
3733	3979.310486	75.140230	-9.648113	-0.968078	50.830163
3737	3983.443183	74.833392	-9.501729	-0.972799	49.700355
3741	3987.576547	75.340085	-9.402534	-0.977765	50.332449
3743	3989.643444	75.262815	-9.337072	-0.977551	48.765582
3747	3993.778614	75.040670	-9.223601	-0.980318	50.759127
3749	3995.846051	74.302946	-9.140666	-0.980982	50.117921
3753	3999.981342	74.112631	-9.017908	-0.987843	49.015880
3755	4002.047332	73.773980	-8.982770	-0.989429	48.317758
3759	4006.177788	74.676353	-8.855070	-0.990631	47.947251
3761	4008.242834	74.421121	-8.787369	-0.993470	48.398746
3765	4012.374609	74.188613	-8.724166	-0.997886	50.322832
3767	4014.440613	73.525406	-8.563989	-1.000682	49.197617
3771	4018.573452	73.532421	-8.503239	-1.002525	48.744771
3773	4020.639879	74.468567	-8.439631	-1.003401	49.151313
3777	4024.773896	72.966115	-8.303102	-1.009127	49.820140
3781	4028.908259	72.987691	-8.242739	-1.011037	50.345747
3783	4030.976040	73.801825	-8.206937	-1.012089	46.955998
3787	4035.110866	73.100190	-8.060957	-1.017456	49.379581
3789	4037.177179	72.668276	-7.971529	-1.020799	48.775779
3793	4041.309098	73.161612	-7.932512	-1.020528	48.431593
3797	4045.439470	72.449313	-7.819628	-1.023373	48.151398
3799	4047.505219	72.645943	-7.751780	-1.024380	46.288423
3803	4051.637035	72.245615	-7.681943	-1.027650	47.051322
3805	4053.703854	72.919501	-7.630678	-1.029196	46.731429
3809	4057.836676	72.461001	-7.493802	-1.031846	46.809120
3811	4059.903483	71.809553	-7.433041	-1.034790	48.585280
3815	4064.037035	72.208299	-7.343364	-1.036976	48.250217
3817	4066.103530	71.819736	-7.257557	-1.036418	46.750645
3821	4070.238150	71.440116	-7.192050	-1.040234	45.886990
3823	4072.305411	71.112943	-7.132001	-1.040420	47.778217
3827	4076.439615	70.941224	-7.039363	-1.044390	46.605722
3829	4078.505229	71.777766	-6.971858	-1.044889	47.265618
3833	4082.636152	70.486509	-6.881816	-1.050868	46.115653
3835	4084.700786	71.527979	-6.831813	-1.050161	44.770381
3839	4088.832892	70.892803	-6.728841	-1.053577	45.792844
3841	4090.898730	70.953707	-6.675561	-1.054753	44.458662
3845	4095.031130	70.512014	-6.561679	-1.057633	44.239796
3847	4097.098177	70.722130	-6.521953	-1.058127	44.824819
3851	4101.232046	70.548224	-6.453758	-1.062069	46.243227
3853	4103.298875	70.200169	-6.382804	-1.062683	43.291728
3857	4107.433987	70.027594	-6.301543	-1.067421	44.540210
3861	4111.568059	70.210935	-6.247011	-1.069295	46.870103
3863	4113.633655	70.205039	-6.155877	-1.070855	44.426587
3867	4117.765471	70.446386	-6.099939	-1.071517	43.793480
3869	4119.830402	69.337019	-6.059757	-1.072739	46.341998
3873	4123.962110	69.773786	-5.960502	-1.073375	42.967272
3875	4126.027714	69.194061	-5.890992	-1.075460	43.971174
3879	4130.160632	69.320811	-5.785285	-1.078291	42.973524
3881	4132.226571	69.109342	-5.763333	-1.079690	43.944520
3885	4136.360447	69.163232	-5.655215	-1.080886	45.422441
3887	4138.427101	69.022638	-5.551477	-1.082138	44.723392
3891	4142.561306	69.184685	-5.498346	-1.083168	43.299720
3893	4144.629017	68.885472	-5.437581	-1.083932	43.108357
3897	4148.762481	69.155725	-5.378618	-1.087162	42.074472
3899	4150.829127	68.476747	-5.295314	-1.089533	43.394649
3903	4154.960279	68.881141	-5.216867	-1.092555	42.377307
