crossing time (s)	slope (V/s)	crossing number
281474976710655.000000	-30.638416	2126	0.000000
281474976710655.000000	-33.886253	2127	0.000000
281474976710655.000000	-31.253063	2128	0.000000
281474976710655.000000	-34.206829	2129	0.000000
281474976710655.000000	-29.216433	2130	0.000000
281474976710655.000000	-35.585514	2131	0.000000
281474976710655.000000	-29.804482	2132	0.000000
281474976710655.000000	-34.978302	2133	0.000000
281474976710655.000000	-31.693924	2134	0.000000
281474976710655.000000	-34.408203	2135	0.000000
281474976710655.000000	-29.958126	2136	0.000000
281474976710655.000000	-32.799160	2137	0.000000
281474976710655.000000	-33.655769	2138	0.000000
281474976710655.000000	-34.608051	2139	0.000000
281474976710655.000000	-31.623108	2140	0.000000
281474976710655.000000	-32.419685	2141	0.000000
281474976710655.000000	-26.375364	2142	0.000000
281474976710655.000000	-29.200195	2143	0.000000
281474976710655.000000	-28.209290	2144	0.000000
281474976710655.000000	-40.191669	2145	0.000000
281474976710655.000000	-31.121777	2146	0.000000
281474976710655.000000	-32.618401	2147	0.000000
281474976710655.000000	-30.669186	2148	0.000000
281474976710655.000000	-29.514215	2149	0.000000
281474976710655.000000	-31.824816	2150	0.000000
281474976710655.000000	-28.785170	2151	0.000000
281474976710655.000000	-27.286772	2152	0.000000
281474976710655.000000	-32.486328	2153	0.000000
281474976710655.000000	-32.033653	2154	0.000000
281474976710655.000000	-33.137920	2155	0.000000
281474976710655.000000	-30.107258	2156	0.000000
281474976710655.000000	-29.625189	2157	0.000000
281474976710655.000000	-31.303991	2158	0.000000
281474976710655.000000	-36.870262	2159	0.000000
281474976710655.000000	-32.237648	2160	0.000000
281474976710655.000000	-37.091137	2161	0.000000
281474976710655.000000	-26.325605	2162	0.000000
281474976710655.000000	-35.479515	2163	0.000000
281474976710655.000000	-29.782738	2164	0.000000
281474976710655.000000	-33.920353	2165	0.000000
281474976710655.000000	-30.806833	2166	0.000000
281474976710655.000000	-34.261929	2167	0.000000
281474976710655.000000	-32.976791	2168	0.000000
281474976710655.000000	-34.425789	2169	0.000000
281474976710655.000000	-32.878025	2170	0.000000
281474976710655.000000	-33.743053	2171	0.000000
281474976710655.000000	-32.664406	2172	0.000000
281474976710655.000000	-32.883499	2173	0.000000
281474976710655.000000	-33.814728	2174	0.000000
281474976710655.000000	-36.037319	2175	0.000000
281474976710655.000000	-29.934490	2176	0.000000
281474976710655.000000	-33.481529	2177	0.000000
281474976710655.000000	-29.992277	2178	0.000000
281474976710655.000000	-36.492031	2179	0.000000
281474976710655.000000	-38.073692	2180	0.000000
281474976710655.000000	-36.340023	2181	0.000000
281474976710655.000000	-31.090694	2182	0.000000
281474976710655.000000	-33.460613	2183	0.000000
281474976710655.000000	-27.764997	2184	0.000000
281474976710655.000000	-35.503521	2185	0.000000
281474976710655.000000	-31.035822	2186	0.000000
281474976710655.000000	-38.723770	2187	0.000000
281474976710655.000000	-31.831928	2188	0.000000
281474976710655.000000	-39.638783	2189	0.000000
281474976710655.000000	-30.598160	2190	0.000000
281474976710655.000000	-38.817989	2191	0.000000
281474976710655.000000	-35.530083	2192	0.000000
281474976710655.000000	-35.091133	2193	0.000000
281474976710655.000000	-30.795567	2194	0.000000
281474976710655.000000	-35.361721	2195	0.000000
281474976710655.000000	-34.126499	2196	0.000000
281474976710655.000000	-35.360676	2197	0.000000
281474976710655.000000	-31.969921	2198	0.000000
281474976710655.000000	-36.141968	2199	0.000000
281474976710655.000000	-33.322781	2200	0.000000
281474976710655.000000	-38.263889	2201	0.000000
281474976710655.000000	-32.328171	2202	0.000000
281474976710655.000000	-35.149281	2203	0.000000
281474976710655.000000	-29.513327	2204	0.000000
281474976710655.000000	-31.741911	2205	0.000000
281474976710655.000000	-31.673641	2206	0.000000
281474976710655.000000	-33.937580	2207	0.000000
281474976710655.000000	-34.294212	2208	0.000000
281474976710655.000000	-31.417471	2209	0.000000
281474976710655.000000	-30.306410	2210	0.000000
281474976710655.000000	-37.453457	2211	0.000000
281474976710655.000000	-30.425224	2212	0.000000
281474976710655.000000	-38.169296	2213	0.000000
281474976710655.000000	-32.179943	2214	0.000000
281474976710655.000000	-34.682152	2215	0.000000
281474976710655.000000	-31.108213	2216	0.000000
281474976710655.000000	-36.395191	2217	0.000000
281474976710655.000000	-33.087521	2218	0.000000
281474976710655.000000	-39.550789	2219	0.000000
281474976710655.000000	-35.088123	2220	0.000000
281474976710655.000000	-32.613701	2221	0.000000
281474976710655.000000	-32.269379	2222	0.000000
281474976710655.000000	-32.885162	2223	0.000000
281474976710655.000000	-34.777168	2224	0.000000
281474976710655.000000	-33.152683	2225	0.000000
281474976710655.000000	-31.919533	2226	0.000000
281474976710655.000000	-37.830791	2227	0.000000
281474976710655.000000	-31.398685	2228	0.000000
281474976710655.000000	-33.756302	2229	0.000000
281474976710655.000000	-33.916416	2230	0.000000
281474976710655.000000	-34.199043	2231	0.000000
281474976710655.000000	-35.148357	2232	0.000000
281474976710655.000000	-31.021557	2233	0.000000
281474976710655.000000	-32.886173	2234	0.000000
281474976710655.000000	-34.591442	2235	0.000000
281474976710655.000000	-30.789284	2236	0.000000
281474976710655.000000	-32.912560	2237	0.000000
281474976710655.000000	-34.493336	2238	0.000000
281474976710655.000000	-32.608643	2239	0.000000
281474976710655.000000	-32.397659	2240	0.000000
281474976710655.000000	-34.923111	2241	0.000000
281474976710655.000000	-31.435612	2242	0.000000
281474976710655.000000	-34.761913	2243	0.000000
281474976710655.000000	-30.846428	2244	0.000000
281474976710655.000000	-33.149380	2245	0.000000
281474976710655.000000	-30.385286	2246	0.000000
281474976710655.000000	-34.100872	2247	0.000000
281474976710655.000000	-33.133911	2248	0.000000
281474976710655.000000	-37.906765	2249	0.000000
281474976710655.000000	-31.229034	2250	0.000000
281474976710655.000000	-34.668266	2251	0.000000
281474976710655.000000	-32.435062	2252	0.000000
281474976710655.000000	-33.248718	2253	0.000000
281474976710655.000000	-32.841999	2254	0.000000
281474976710655.000000	-31.022699	2255	0.000000
281474976710655.000000	-30.652679	2256	0.000000
281474976710655.000000	-37.763538	2257	0.000000
281474976710655.000000	-26.729197	2258	0.000000
281474976710655.000000	-29.394955	2259	0.000000
281474976710655.000000	-32.483612	2260	0.000000
281474976710655.000000	-33.287331	2261	0.000000
281474976710655.000000	-30.433853	2262	0.000000
281474976710655.000000	-32.728939	2263	0.000000
281474976710655.000000	-29.333231	2264	0.000000
281474976710655.000000	-32.763691	2265	0.000000
281474976710655.000000	-28.139309	2266	0.000000
281474976710655.000000	-28.176847	2267	0.000000
281474976710655.000000	-32.005852	2268	0.000000
281474976710655.000000	-34.031044	2269	0.000000
281474976710655.000000	-29.793737	2270	0.000000
281474976710655.000000	-28.205370	2271	0.000000
281474976710655.000000	-31.343338	2272	0.000000
281474976710655.000000	-34.076591	2273	0.000000
281474976710655.000000	-32.196987	2274	0.000000
281474976710655.000000	-32.314758	2275	0.000000
281474976710655.000000	-30.684292	2276	0.000000
281474976710655.000000	-32.691265	2277	0.000000
281474976710655.000000	-32.501530	2278	0.000000
281474976710655.000000	-32.070572	2279	0.000000
281474976710655.000000	-31.547592	2280	0.000000
281474976710655.000000	-32.739372	2281	0.000000
281474976710655.000000	-32.307869	2282	0.000000
281474976710655.000000	-29.656521	2283	0.000000
281474976710655.000000	-29.735075	2284	0.000000
281474976710655.000000	-32.286022	2285	0.000000
281474976710655.000000	-28.386049	2286	0.000000
281474976710655.000000	-30.220345	2287	0.000000
281474976710655.000000	-26.686188	2288	0.000000
281474976710655.000000	-33.041420	2289	0.000000
281474976710655.000000	-29.455713	2290	0.000000
281474976710655.000000	-33.968758	2291	0.000000
281474976710655.000000	-35.783611	2292	0.000000
281474976710655.000000	-32.797413	2293	0.000000
281474976710655.000000	-30.940918	2294	0.000000
281474976710655.000000	-33.585419	2295	0.000000
281474976710655.000000	-31.047977	2296	0.000000
281474976710655.000000	-28.346146	2297	0.000000
281474976710655.000000	-29.192204	2298	0.000000
281474976710655.000000	-33.122688	2299	0.000000
281474976710655.000000	-30.806778	2300	0.000000
281474976710655.000000	-31.339382	2301	0.000000
281474976710655.000000	-29.772387	2302	0.000000
281474976710655.000000	-30.531979	2303	0.000000
281474976710655.000000	-28.034912	2304	0.000000
281474976710655.000000	-27.047785	2305	0.000000
281474976710655.000000	-28.032747	2306	0.000000
281474976710655.000000	-39.919193	2307	0.000000
281474976710655.000000	-29.872059	2308	0.000000
281474976710655.000000	-33.375488	2309	0.000000
281474976710655.000000	-30.311096	2310	0.000000
281474976710655.000000	-33.437157	2311	0.000000
281474976710655.000000	-29.021746	2312	0.000000
281474976710655.000000	-30.744202	2313	0.000000
281474976710655.000000	-29.812050	2314	0.000000
281474976710655.000000	-35.515907	2315	0.000000
281474976710655.000000	-30.450684	2316	0.000000
281474976710655.000000	-32.592010	2317	0.000000
281474976710655.000000	-30.723700	2318	0.000000
281474976710655.000000	-31.444696	2319	0.000000
281474976710655.000000	-27.106882	2320	0.000000
281474976710655.000000	-28.835815	2321	0.000000
281474976710655.000000	-29.679457	2322	0.000000
281474976710655.000000	-28.878183	2323	0.000000
281474976710655.000000	-27.938667	2324	0.000000
281474976710655.000000	-32.806824	2325	0.000000
281474976710655.000000	-26.978102	2326	0.000000
281474976710655.000000	-32.629383	2327	0.000000
281474976710655.000000	-28.387495	2328	0.000000
281474976710655.000000	-31.090643	2329	0.000000
281474976710655.000000	-27.839159	2330	0.000000
281474976710655.000000	-31.841812	2331	0.000000
281474976710655.000000	-29.080868	2332	0.000000
281474976710655.000000	-36.004017	2333	0.000000
281474976710655.000000	-30.216143	2334	0.000000
281474976710655.000000	-29.722942	2335	0.000000
281474976710655.000000	-30.637423	2336	0.000000
281474976710655.000000	-29.889709	2337	0.000000
281474976710655.000000	-32.341671	2338	0.000000
281474976710655.000000	-31.568336	2339	0.000000
281474976710655.000000	-26.210144	2340	0.000000
281474976710655.000000	-34.053062	2341	0.000000
281474976710655.000000	-30.461166	2342	0.000000
281474976710655.000000	-33.100578	2343	0.000000
281474976710655.000000	-32.012619	2344	0.000000
281474976710655.000000	-30.264511	2345	0.000000
281474976710655.000000	-27.388668	2346	0.000000
281474976710655.000000	-28.846756	2347	0.000000
281474976710655.000000	-28.686342	2348	0.000000
281474976710655.000000	-28.236282	2349	0.000000
281474976710655.000000	-27.851896	2350	0.000000
281474976710655.000000	-30.690779	2351	0.000000
281474976710655.000000	-29.024696	2352	0.000000
281474976710655.000000	-30.790237	2353	0.000000
281474976710655.000000	-27.047449	2354	0.000000
281474976710655.000000	-29.298561	2355	0.000000
281474976710655.000000	-28.866007	2356	0.000000
281474976710655.000000	-32.711361	2357	0.000000
281474976710655.000000	-30.109867	2358	0.000000
281474976710655.000000	-34.360416	2359	0.000000
281474976710655.000000	-25.113768	2360	0.000000
281474976710655.000000	-35.894936	2361	0.000000
281474976710655.000000	-28.214184	2362	0.000000
281474976710655.000000	-35.075367	2363	0.000000
281474976710655.000000	-31.066183	2364	0.000000
281474976710655.000000	-29.634926	2365	0.000000
281474976710655.000000	-29.002253	2366	0.000000
281474976710655.000000	-31.141771	2367	0.000000
281474976710655.000000	-30.495810	2368	0.000000
281474976710655.000000	-29.810982	2369	0.000000
281474976710655.000000	-28.230984	2370	0.000000
281474976710655.000000	-29.002747	2371	0.000000
281474976710655.000000	-28.079659	2372	0.000000
281474976710655.000000	-29.926830	2373	0.000000
281474976710655.000000	-28.400421	2374	0.000000
281474976710655.000000	-27.214914	2375	0.000000
281474976710655.000000	-26.578722	2376	0.000000
281474976710655.000000	-27.792662	2377	0.000000
281474976710655.000000	-28.174713	2378	0.000000
281474976710655.000000	-29.145172	2379	0.000000
281474976710655.000000	-29.550053	2380	0.000000
281474976710655.000000	-28.876099	2381	0.000000
281474976710655.000000	-26.722574	2382	0.000000
281474976710655.000000	-29.168848	2383	0.000000
281474976710655.000000	-27.381741	2384	0.000000
281474976710655.000000	-36.064453	2385	0.000000
281474976710655.000000	-30.343872	2386	0.000000
281474976710655.000000	-29.875689	2387	0.000000
281474976710655.000000	-27.806595	2388	0.000000
281474976710655.000000	-29.554495	2389	0.000000
281474976710655.000000	-28.552063	2390	0.000000
281474976710655.000000	-30.265944	2391	0.000000
281474976710655.000000	-27.527313	2392	0.000000
281474976710655.000000	-30.273342	2393	0.000000
281474976710655.000000	-28.417427	2394	0.000000
281474976710655.000000	-31.213062	2395	0.000000
281474976710655.000000	-28.328749	2396	0.000000
281474976710655.000000	-29.017271	2397	0.000000
281474976710655.000000	-30.669790	2398	0.000000
281474976710655.000000	-27.649002	2399	0.000000
281474976710655.000000	-27.806131	2400	0.000000
281474976710655.000000	-29.334759	2401	0.000000
281474976710655.000000	-27.286448	2402	0.000000
281474976710655.000000	-28.089527	2403	0.000000
281474976710655.000000	-26.333920	2404	0.000000
281474976710655.000000	-27.036785	2405	0.000000
281474976710655.000000	-24.195148	2406	0.000000
281474976710655.000000	-27.798412	2407	0.000000
281474976710655.000000	-28.051483	2408	0.000000
281474976710655.000000	-29.089495	2409	0.000000
281474976710655.000000	-28.497044	2410	0.000000
281474976710655.000000	-27.486181	2411	0.000000
281474976710655.000000	-29.070612	2412	0.000000
281474976710655.000000	-29.152441	2413	0.000000
281474976710655.000000	-26.722094	2414	0.000000
281474976710655.000000	-30.977160	2415	0.000000
281474976710655.000000	-29.029808	2416	0.000000
281474976710655.000000	-31.011589	2417	0.000000
281474976710655.000000	-30.396666	2418	0.000000
281474976710655.000000	-29.280251	2419	0.000000
281474976710655.000000	-26.228203	2420	0.000000
281474976710655.000000	-27.973824	2421	0.000000
281474976710655.000000	-27.604294	2422	0.000000
281474976710655.000000	-30.932997	2423	0.000000
281474976710655.000000	-27.936239	2424	0.000000
281474976710655.000000	-27.001621	2425	0.000000
281474976710655.000000	-28.013807	2426	0.000000
281474976710655.000000	-29.956905	2427	0.000000
281474976710655.000000	-28.692545	2428	0.000000
281474976710655.000000	-26.738346	2429	0.000000
